a anim1 15
f 64 0 64 64
f 128 0 64 64
f 192 0 64 64
f 256 0 64 64
f 320 0 64 64
f 384 0 64 64
f 448 0 64 64
f 512 0 64 64
end
a anim2 15
f 64 64 64 64
f 128 64 64 64
f 192 64 64 64
f 256 64 64 64
f 320 64 64 64
f 384 64 64 64
f 448 64 64 64
f 512 64 64 64
end
a anim3 15
f 64 128 64 64
f 128 128 64 64
f 192 128 64 64
f 256 128 64 64
f 320 128 64 64
f 384 128 64 64
f 448 128 64 64
f 512 128 64 64
end
a anim4 15
f 64 192 64 64
f 128 192 64 64
f 192 192 64 64
f 256 192 64 64
f 320 192 64 64
f 384 192 64 64
f 448 192 64 64
f 512 192 64 64
end
a anim5 15
f 0 0 64 64
end
a anim6 15
f 0 64 64 64
end
a anim7 15
f 0 128 64 64
end
a anim8 15
f 0 192 64 64
end